K best features with k = 2
             precision    recall  f1-score   support

        0.0       0.21      0.03      0.05       210
        1.0       0.38      0.13      0.20       392
        2.0       0.48      0.11      0.18       257
        3.0       0.00      0.00      0.00        22
        4.0       0.55      0.10      0.17       107
        5.0       0.08      0.90      0.15        88
        6.0       0.00      0.00      0.00       100

avg / total       0.33      0.15      0.14      1176

K best features with k = 3
             precision    recall  f1-score   support

        0.0       0.21      0.03      0.05       210
        1.0       0.35      0.14      0.20       392
        2.0       0.52      0.14      0.23       257
        3.0       0.00      0.00      0.00        22
        4.0       0.55      0.10      0.17       107
        5.0       0.09      0.88      0.16        88
        6.0       0.00      0.00      0.00       100

avg / total       0.32      0.16      0.15      1176

K best features with k = 4
             precision    recall  f1-score   support

        0.0       0.22      0.04      0.07       210
        1.0       0.45      0.14      0.22       392
        2.0       0.53      0.19      0.28       257
        3.0       0.00      0.00      0.00        22
        4.0       0.55      0.10      0.17       107
        5.0       0.09      0.89      0.16        88
        6.0       0.13      0.04      0.06       100

avg / total       0.37      0.18      0.18      1176

K best features with k = 5
             precision    recall  f1-score   support

        0.0       0.19      0.03      0.06       210
        1.0       0.43      0.14      0.21       392
        2.0       0.51      0.19      0.27       257
        3.0       0.00      0.00      0.00        22
        4.0       0.55      0.10      0.17       107
        5.0       0.09      0.86      0.16        88
        6.0       0.11      0.04      0.06       100

avg / total       0.36      0.17      0.17      1176

K best features with k = 6
             precision    recall  f1-score   support

        0.0       0.18      0.05      0.07       210
        1.0       0.45      0.12      0.19       392
        2.0       0.49      0.19      0.27       257
        3.0       0.02      0.50      0.04        22
        4.0       0.58      0.10      0.17       107
        5.0       0.06      0.23      0.09        88
        6.0       0.12      0.05      0.07       100

avg / total       0.36      0.13      0.17      1176

K best features with k = 7
             precision    recall  f1-score   support

        0.0       0.17      0.05      0.07       210
        1.0       0.44      0.13      0.20       392
        2.0       0.49      0.18      0.26       257
        3.0       0.02      0.55      0.04        22
        4.0       0.55      0.11      0.19       107
        5.0       0.06      0.15      0.08        88
        6.0       0.13      0.05      0.07       100

avg / total       0.35      0.13      0.17      1176

K best features with k = 8
             precision    recall  f1-score   support

        0.0       0.18      0.05      0.08       210
        1.0       0.46      0.14      0.21       392
        2.0       0.49      0.18      0.27       257
        3.0       0.02      0.55      0.04        22
        4.0       0.55      0.10      0.17       107
        5.0       0.05      0.12      0.08        88
        6.0       0.09      0.04      0.06       100

avg / total       0.36      0.13      0.17      1176

K best features with k = 9
             precision    recall  f1-score   support

        0.0       0.23      0.08      0.12       210
        1.0       0.44      0.13      0.20       392
        2.0       0.49      0.18      0.27       257
        3.0       0.02      0.55      0.04        22
        4.0       0.56      0.09      0.16       107
        5.0       0.06      0.12      0.08        88
        6.0       0.09      0.04      0.06       100

avg / total       0.36      0.13      0.17      1176

K best features with k = 10
             precision    recall  f1-score   support

        0.0       0.22      0.07      0.11       210
        1.0       0.44      0.13      0.20       392
        2.0       0.50      0.20      0.29       257
        3.0       0.02      0.64      0.04        22
        4.0       0.56      0.09      0.16       107
        5.0       0.05      0.11      0.07        88
        6.0       0.10      0.04      0.06       100

avg / total       0.36      0.13      0.17      1176

K best features with k = 11
             precision    recall  f1-score   support

        0.0       0.25      0.08      0.12       210
        1.0       0.45      0.12      0.20       392
        2.0       0.49      0.21      0.29       257
        3.0       0.02      0.59      0.04        22
        4.0       0.56      0.09      0.16       107
        5.0       0.07      0.14      0.09        88
        6.0       0.10      0.04      0.06       100

avg / total       0.37      0.14      0.18      1176

K best features with k = 12
             precision    recall  f1-score   support

        0.0       0.23      0.07      0.10       210
        1.0       0.44      0.13      0.20       392
        2.0       0.49      0.20      0.29       257
        3.0       0.02      0.59      0.04        22
        4.0       0.53      0.09      0.16       107
        5.0       0.07      0.12      0.09        88
        6.0       0.14      0.06      0.08       100

avg / total       0.36      0.13      0.18      1176

K best features with k = 13
             precision    recall  f1-score   support

        0.0       0.24      0.07      0.11       210
        1.0       0.41      0.12      0.19       392
        2.0       0.48      0.21      0.29       257
        3.0       0.02      0.59      0.04        22
        4.0       0.56      0.09      0.16       107
        5.0       0.08      0.14      0.10        88
        6.0       0.08      0.03      0.04       100

avg / total       0.35      0.13      0.17      1176

K best features with k = 14
             precision    recall  f1-score   support

        0.0       0.25      0.08      0.12       210
        1.0       0.44      0.13      0.20       392
        2.0       0.48      0.22      0.30       257
        3.0       0.02      0.59      0.04        22
        4.0       0.55      0.10      0.17       107
        5.0       0.06      0.10      0.08        88
        6.0       0.06      0.03      0.04       100

avg / total       0.36      0.14      0.18      1176

K best features with k = 15
             precision    recall  f1-score   support

        0.0       0.31      0.09      0.13       210
        1.0       0.45      0.12      0.19       392
        2.0       0.48      0.23      0.31       257
        3.0       0.02      0.59      0.04        22
        4.0       0.46      0.11      0.18       107
        5.0       0.07      0.11      0.09        88
        6.0       0.08      0.05      0.06       100

avg / total       0.36      0.14      0.18      1176

K best features with k = 16
             precision    recall  f1-score   support

        0.0       0.28      0.08      0.13       210
        1.0       0.45      0.12      0.20       392
        2.0       0.49      0.23      0.31       257
        3.0       0.02      0.59      0.04        22
        4.0       0.55      0.11      0.19       107
        5.0       0.07      0.12      0.09        88
        6.0       0.12      0.07      0.09       100

avg / total       0.37      0.14      0.19      1176

K best features with k = 17
             precision    recall  f1-score   support

        0.0       0.27      0.08      0.12       210
        1.0       0.43      0.12      0.18       392
        2.0       0.49      0.23      0.31       257
        3.0       0.02      0.59      0.04        22
        4.0       0.55      0.10      0.17       107
        5.0       0.06      0.10      0.08        88
        6.0       0.10      0.06      0.08       100

avg / total       0.36      0.14      0.18      1176

K best features with k = 18
             precision    recall  f1-score   support

        0.0       0.28      0.08      0.12       210
        1.0       0.42      0.11      0.17       392
        2.0       0.50      0.23      0.31       257
        3.0       0.02      0.59      0.04        22
        4.0       0.52      0.11      0.18       107
        5.0       0.06      0.10      0.08        88
        6.0       0.09      0.05      0.06       100

avg / total       0.36      0.13      0.18      1176

K best features with k = 19
             precision    recall  f1-score   support

        0.0       0.29      0.06      0.10       210
        1.0       0.41      0.11      0.17       392
        2.0       0.50      0.23      0.31       257
        3.0       0.02      0.59      0.04        22
        4.0       0.52      0.11      0.18       107
        5.0       0.06      0.09      0.07        88
        6.0       0.10      0.06      0.07       100

avg / total       0.36      0.13      0.17      1176

K best features with k = 20
             precision    recall  f1-score   support

        0.0       0.21      0.04      0.06       210
        1.0       0.41      0.12      0.18       392
        2.0       0.50      0.22      0.31       257
        3.0       0.02      0.59      0.04        22
        4.0       0.55      0.11      0.19       107
        5.0       0.07      0.10      0.08        88
        6.0       0.10      0.06      0.07       100

avg / total       0.35      0.13      0.17      1176

K best features with k = 21
             precision    recall  f1-score   support

        0.0       0.23      0.05      0.08       210
        1.0       0.41      0.11      0.18       392
        2.0       0.50      0.22      0.31       257
        3.0       0.02      0.59      0.04        22
        4.0       0.59      0.12      0.20       107
        5.0       0.06      0.09      0.07        88
        6.0       0.10      0.06      0.07       100

avg / total       0.36      0.13      0.17      1176

K best features with k = 22
             precision    recall  f1-score   support

        0.0       0.24      0.05      0.09       210
        1.0       0.39      0.11      0.17       392
        2.0       0.50      0.22      0.30       257
        3.0       0.02      0.64      0.04        22
        4.0       0.57      0.12      0.20       107
        5.0       0.08      0.11      0.09        88
        6.0       0.11      0.07      0.08       100

avg / total       0.35      0.13      0.17      1176

K best features with k = 23
             precision    recall  f1-score   support

        0.0       0.25      0.06      0.10       210
        1.0       0.41      0.11      0.17       392
        2.0       0.51      0.22      0.31       257
        3.0       0.02      0.64      0.04        22
        4.0       0.54      0.12      0.20       107
        5.0       0.08      0.09      0.09        88
        6.0       0.09      0.06      0.07       100

avg / total       0.36      0.13      0.17      1176

K best features with k = 24
             precision    recall  f1-score   support

        0.0       0.22      0.05      0.08       210
        1.0       0.40      0.11      0.17       392
        2.0       0.50      0.22      0.30       257
        3.0       0.02      0.64      0.04        22
        4.0       0.52      0.12      0.20       107
        5.0       0.11      0.12      0.12        88
        6.0       0.10      0.07      0.08       100

avg / total       0.34      0.13      0.17      1176

K best features with k = 25
             precision    recall  f1-score   support

        0.0       0.22      0.07      0.11       210
        1.0       0.45      0.11      0.18       392
        2.0       0.49      0.23      0.31       257
        3.0       0.02      0.64      0.04        22
        4.0       0.54      0.12      0.20       107
        5.0       0.09      0.10      0.10        88
        6.0       0.08      0.04      0.05       100

avg / total       0.36      0.13      0.18      1176

K best features with k = 26
             precision    recall  f1-score   support

        0.0       0.23      0.08      0.11       210
        1.0       0.43      0.11      0.17       392
        2.0       0.49      0.23      0.31       257
        3.0       0.02      0.64      0.04        22
        4.0       0.46      0.11      0.18       107
        5.0       0.10      0.10      0.10        88
        6.0       0.06      0.03      0.04       100

avg / total       0.35      0.13      0.17      1176

K best features with k = 27
             precision    recall  f1-score   support

        0.0       0.23      0.08      0.11       210
        1.0       0.42      0.11      0.18       392
        2.0       0.50      0.22      0.30       257
        3.0       0.02      0.64      0.04        22
        4.0       0.46      0.12      0.19       107
        5.0       0.09      0.08      0.08        88
        6.0       0.04      0.02      0.03       100

avg / total       0.34      0.13      0.17      1176

K best features with k = 28
             precision    recall  f1-score   support

        0.0       0.20      0.07      0.10       210
        1.0       0.43      0.11      0.17       392
        2.0       0.48      0.22      0.30       257
        3.0       0.02      0.64      0.04        22
        4.0       0.44      0.11      0.18       107
        5.0       0.12      0.10      0.11        88
        6.0       0.06      0.03      0.04       100

avg / total       0.34      0.13      0.17      1176

K best features with k = 29
             precision    recall  f1-score   support

        0.0       0.20      0.07      0.10       210
        1.0       0.42      0.11      0.17       392
        2.0       0.47      0.22      0.30       257
        3.0       0.02      0.64      0.04        22
        4.0       0.48      0.10      0.17       107
        5.0       0.10      0.09      0.10        88
        6.0       0.08      0.04      0.05       100

avg / total       0.34      0.13      0.17      1176

K best features with k = 30
             precision    recall  f1-score   support

        0.0       0.20      0.06      0.09       210
        1.0       0.44      0.11      0.18       392
        2.0       0.47      0.22      0.30       257
        3.0       0.02      0.64      0.04        22
        4.0       0.50      0.10      0.17       107
        5.0       0.09      0.08      0.08        88
        6.0       0.12      0.06      0.08       100

avg / total       0.35      0.13      0.17      1176

K best features with k = 31
             precision    recall  f1-score   support

        0.0       0.24      0.07      0.10       210
        1.0       0.45      0.11      0.18       392
        2.0       0.47      0.22      0.30       257
        3.0       0.02      0.68      0.04        22
        4.0       0.50      0.10      0.17       107
        5.0       0.10      0.09      0.10        88
        6.0       0.13      0.07      0.09       100

avg / total       0.36      0.13      0.18      1176

K best features with k = 32
             precision    recall  f1-score   support

        0.0       0.24      0.07      0.10       210
        1.0       0.45      0.11      0.18       392
        2.0       0.48      0.21      0.30       257
        3.0       0.02      0.68      0.04        22
        4.0       0.40      0.11      0.18       107
        5.0       0.08      0.07      0.07        88
        6.0       0.12      0.06      0.08       100

avg / total       0.35      0.13      0.17      1176

K best features with k = 33
             precision    recall  f1-score   support

        0.0       0.25      0.07      0.11       210
        1.0       0.45      0.10      0.17       392
        2.0       0.47      0.21      0.29       257
        3.0       0.02      0.68      0.04        22
        4.0       0.39      0.11      0.17       107
        5.0       0.08      0.07      0.07        88
        6.0       0.12      0.06      0.08       100

avg / total       0.35      0.13      0.17      1176

K best features with k = 34
             precision    recall  f1-score   support

        0.0       0.25      0.07      0.11       210
        1.0       0.46      0.10      0.17       392
        2.0       0.47      0.21      0.29       257
        3.0       0.02      0.68      0.04        22
        4.0       0.39      0.11      0.17       107
        5.0       0.06      0.05      0.05        88
        6.0       0.18      0.10      0.13       100

avg / total       0.35      0.13      0.17      1176

K best features with k = 35
             precision    recall  f1-score   support

        0.0       0.24      0.07      0.10       210
        1.0       0.48      0.10      0.17       392
        2.0       0.47      0.22      0.30       257
        3.0       0.02      0.68      0.04        22
        4.0       0.39      0.11      0.17       107
        5.0       0.08      0.06      0.07        88
        6.0       0.19      0.10      0.13       100

avg / total       0.36      0.13      0.17      1176

K best features with k = 36
             precision    recall  f1-score   support

        0.0       0.22      0.06      0.10       210
        1.0       0.48      0.10      0.17       392
        2.0       0.48      0.23      0.31       257
        3.0       0.02      0.68      0.04        22
        4.0       0.39      0.10      0.16       107
        5.0       0.08      0.06      0.07        88
        6.0       0.18      0.10      0.13       100

avg / total       0.36      0.13      0.17      1176

K best features with k = 37
             precision    recall  f1-score   support

        0.0       0.22      0.06      0.10       210
        1.0       0.45      0.10      0.16       392
        2.0       0.48      0.23      0.31       257
        3.0       0.02      0.68      0.04        22
        4.0       0.39      0.10      0.16       107
        5.0       0.10      0.08      0.09        88
        6.0       0.19      0.10      0.13       100

avg / total       0.35      0.13      0.17      1176

K best features with k = 38
             precision    recall  f1-score   support

        0.0       0.22      0.06      0.10       210
        1.0       0.45      0.10      0.16       392
        2.0       0.48      0.23      0.31       257
        3.0       0.02      0.68      0.04        22
        4.0       0.39      0.10      0.16       107
        5.0       0.09      0.07      0.08        88
        6.0       0.20      0.10      0.13       100

avg / total       0.35      0.13      0.17      1176

K best features with k = 39
             precision    recall  f1-score   support

        0.0       0.19      0.05      0.08       210
        1.0       0.44      0.10      0.17       392
        2.0       0.48      0.23      0.31       257
        3.0       0.02      0.68      0.04        22
        4.0       0.41      0.11      0.18       107
        5.0       0.09      0.08      0.09        88
        6.0       0.17      0.08      0.11       100

avg / total       0.35      0.13      0.17      1176

K best features with k = 40
             precision    recall  f1-score   support

        0.0       0.20      0.05      0.08       210
        1.0       0.44      0.10      0.17       392
        2.0       0.48      0.23      0.31       257
        3.0       0.02      0.68      0.04        22
        4.0       0.32      0.08      0.13       107
        5.0       0.09      0.08      0.08        88
        6.0       0.16      0.08      0.11       100

avg / total       0.34      0.13      0.17      1176

K best features with k = 41
             precision    recall  f1-score   support

        0.0       0.19      0.04      0.07       210
        1.0       0.44      0.10      0.17       392
        2.0       0.48      0.22      0.30       257
        3.0       0.02      0.68      0.04        22
        4.0       0.36      0.11      0.17       107
        5.0       0.07      0.06      0.06        88
        6.0       0.15      0.08      0.10       100

avg / total       0.34      0.12      0.16      1176

K best features with k = 42
             precision    recall  f1-score   support

        0.0       0.20      0.04      0.07       210
        1.0       0.42      0.10      0.16       392
        2.0       0.48      0.22      0.30       257
        3.0       0.02      0.68      0.04        22
        4.0       0.35      0.11      0.17       107
        5.0       0.08      0.06      0.06        88
        6.0       0.15      0.08      0.10       100

avg / total       0.33      0.12      0.16      1176

K best features with k = 43
             precision    recall  f1-score   support

        0.0       0.20      0.04      0.07       210
        1.0       0.42      0.10      0.16       392
        2.0       0.48      0.22      0.30       257
        3.0       0.02      0.68      0.04        22
        4.0       0.36      0.11      0.17       107
        5.0       0.07      0.06      0.06        88
        6.0       0.15      0.08      0.10       100

avg / total       0.33      0.12      0.16      1176

K best features with k = 44
             precision    recall  f1-score   support

        0.0       0.18      0.04      0.06       210
        1.0       0.42      0.10      0.16       392
        2.0       0.49      0.23      0.31       257
        3.0       0.02      0.68      0.04        22
        4.0       0.36      0.11      0.17       107
        5.0       0.07      0.06      0.06        88
        6.0       0.15      0.08      0.10       100

avg / total       0.33      0.12      0.16      1176

K best features with k = 45
             precision    recall  f1-score   support

        0.0       0.18      0.04      0.06       210
        1.0       0.43      0.10      0.16       392
        2.0       0.48      0.23      0.31       257
        3.0       0.02      0.68      0.04        22
        4.0       0.31      0.09      0.14       107
        5.0       0.07      0.06      0.06        88
        6.0       0.13      0.07      0.09       100

avg / total       0.33      0.12      0.16      1176

K best features with k = 46
             precision    recall  f1-score   support

        0.0       0.17      0.04      0.06       210
        1.0       0.42      0.10      0.16       392
        2.0       0.48      0.23      0.31       257
        3.0       0.02      0.68      0.04        22
        4.0       0.33      0.09      0.15       107
        5.0       0.08      0.07      0.07        88
        6.0       0.12      0.06      0.08       100

avg / total       0.32      0.12      0.16      1176

K best features with k = 47
             precision    recall  f1-score   support

        0.0       0.19      0.04      0.07       210
        1.0       0.42      0.10      0.16       392
        2.0       0.48      0.23      0.31       257
        3.0       0.02      0.68      0.04        22
        4.0       0.37      0.10      0.16       107
        5.0       0.08      0.07      0.07        88
        6.0       0.12      0.06      0.08       100

avg / total       0.33      0.12      0.16      1176

K best features with k = 48
             precision    recall  f1-score   support

        0.0       0.19      0.04      0.07       210
        1.0       0.44      0.10      0.17       392
        2.0       0.48      0.23      0.31       257
        3.0       0.02      0.68      0.04        22
        4.0       0.36      0.11      0.17       107
        5.0       0.10      0.08      0.09        88
        6.0       0.10      0.05      0.07       100

avg / total       0.34      0.13      0.17      1176

K best features with k = 49
             precision    recall  f1-score   support

        0.0       0.21      0.05      0.08       210
        1.0       0.43      0.10      0.16       392
        2.0       0.48      0.23      0.31       257
        3.0       0.02      0.68      0.04        22
        4.0       0.31      0.09      0.14       107
        5.0       0.11      0.10      0.11        88
        6.0       0.10      0.05      0.07       100

avg / total       0.33      0.13      0.17      1176

K best features with k = 50
             precision    recall  f1-score   support

        0.0       0.22      0.05      0.08       210
        1.0       0.43      0.10      0.16       392
        2.0       0.48      0.23      0.31       257
        3.0       0.02      0.68      0.04        22
        4.0       0.29      0.09      0.14       107
        5.0       0.10      0.09      0.09        88
        6.0       0.10      0.05      0.07       100

avg / total       0.33      0.12      0.16      1176

K best features with k = 51
             precision    recall  f1-score   support

        0.0       0.24      0.05      0.09       210
        1.0       0.43      0.10      0.16       392
        2.0       0.48      0.23      0.31       257
        3.0       0.02      0.68      0.04        22
        4.0       0.24      0.08      0.12       107
        5.0       0.11      0.10      0.11        88
        6.0       0.10      0.05      0.07       100

avg / total       0.33      0.13      0.16      1176

K best features with k = 52
             precision    recall  f1-score   support

        0.0       0.20      0.04      0.07       210
        1.0       0.43      0.10      0.16       392
        2.0       0.48      0.23      0.31       257
        3.0       0.02      0.68      0.04        22
        4.0       0.24      0.08      0.12       107
        5.0       0.10      0.09      0.09        88
        6.0       0.10      0.05      0.07       100

avg / total       0.32      0.12      0.16      1176

K best features with k = 53
             precision    recall  f1-score   support

        0.0       0.22      0.04      0.07       210
        1.0       0.44      0.10      0.17       392
        2.0       0.48      0.23      0.31       257
        3.0       0.02      0.68      0.04        22
        4.0       0.26      0.09      0.14       107
        5.0       0.10      0.09      0.09        88
        6.0       0.09      0.05      0.07       100

avg / total       0.33      0.12      0.16      1176

K best features with k = 54
             precision    recall  f1-score   support

        0.0       0.23      0.05      0.08       210
        1.0       0.43      0.10      0.17       392
        2.0       0.47      0.22      0.30       257
        3.0       0.02      0.64      0.04        22
        4.0       0.26      0.09      0.14       107
        5.0       0.11      0.10      0.10        88
        6.0       0.09      0.05      0.07       100

avg / total       0.32      0.12      0.16      1176

K best features with k = 55
             precision    recall  f1-score   support

        0.0       0.21      0.04      0.07       210
        1.0       0.43      0.10      0.17       392
        2.0       0.47      0.22      0.30       257
        3.0       0.02      0.64      0.04        22
        4.0       0.24      0.09      0.14       107
        5.0       0.10      0.10      0.10        88
        6.0       0.10      0.05      0.07       100

avg / total       0.32      0.12      0.16      1176

K best features with k = 56
             precision    recall  f1-score   support

        0.0       0.18      0.04      0.07       210
        1.0       0.42      0.10      0.16       392
        2.0       0.47      0.22      0.30       257
        3.0       0.02      0.64      0.04        22
        4.0       0.22      0.08      0.12       107
        5.0       0.13      0.11      0.12        88
        6.0       0.10      0.05      0.07       100

avg / total       0.31      0.12      0.16      1176

K best features with k = 57
             precision    recall  f1-score   support

        0.0       0.18      0.04      0.07       210
        1.0       0.41      0.09      0.15       392
        2.0       0.46      0.22      0.30       257
        3.0       0.02      0.64      0.04        22
        4.0       0.22      0.08      0.12       107
        5.0       0.14      0.11      0.12        88
        6.0       0.12      0.06      0.08       100

avg / total       0.31      0.12      0.16      1176

K best features with k = 58
             precision    recall  f1-score   support

        0.0       0.20      0.04      0.07       210
        1.0       0.40      0.09      0.15       392
        2.0       0.46      0.22      0.30       257
        3.0       0.02      0.64      0.04        22
        4.0       0.21      0.08      0.12       107
        5.0       0.13      0.11      0.12        88
        6.0       0.14      0.07      0.09       100

avg / total       0.31      0.12      0.16      1176

K best features with k = 59
             precision    recall  f1-score   support

        0.0       0.20      0.04      0.07       210
        1.0       0.42      0.10      0.16       392
        2.0       0.46      0.22      0.30       257
        3.0       0.02      0.64      0.04        22
        4.0       0.21      0.08      0.12       107
        5.0       0.13      0.11      0.12        88
        6.0       0.10      0.05      0.07       100

avg / total       0.31      0.12      0.16      1176


GaussianNB  (Best k features):

GaussianNB total time:160.019s
