K best features with k = 2
             precision    recall  f1-score   support

        0.0       0.24      0.94      0.38       282
        1.0       0.00      0.00      0.00       138
        2.0       0.33      0.13      0.18       175
        3.0       0.00      0.00      0.00       100
        4.0       0.00      0.00      0.00       155
        5.0       0.28      0.05      0.09       331
        6.0       0.00      0.00      0.00        66

avg / total       0.17      0.24      0.13      1247

K best features with k = 3
             precision    recall  f1-score   support

        0.0       0.24      0.92      0.38       282
        1.0       0.00      0.00      0.00       138
        2.0       0.34      0.10      0.16       175
        3.0       0.15      0.02      0.04       100
        4.0       0.00      0.00      0.00       155
        5.0       0.20      0.04      0.06       331
        6.0       0.00      0.00      0.00        66

avg / total       0.17      0.23      0.13      1247

K best features with k = 4
             precision    recall  f1-score   support

        0.0       0.24      0.90      0.38       282
        1.0       0.10      0.02      0.04       138
        2.0       0.33      0.10      0.15       175
        3.0       0.13      0.03      0.05       100
        4.0       0.10      0.02      0.03       155
        5.0       0.26      0.04      0.06       331
        6.0       0.00      0.00      0.00        66

avg / total       0.20      0.23      0.14      1247

K best features with k = 5
             precision    recall  f1-score   support

        0.0       0.24      0.89      0.38       282
        1.0       0.11      0.03      0.05       138
        2.0       0.32      0.10      0.16       175
        3.0       0.12      0.03      0.05       100
        4.0       0.12      0.02      0.03       155
        5.0       0.32      0.04      0.07       331
        6.0       0.00      0.00      0.00        66

avg / total       0.22      0.24      0.14      1247

K best features with k = 6
             precision    recall  f1-score   support

        0.0       0.24      0.89      0.38       282
        1.0       0.12      0.02      0.04       138
        2.0       0.31      0.10      0.15       175
        3.0       0.13      0.03      0.05       100
        4.0       0.07      0.01      0.02       155
        5.0       0.31      0.03      0.06       331
        6.0       0.08      0.05      0.06        66

avg / total       0.22      0.23      0.14      1247

K best features with k = 7
             precision    recall  f1-score   support

        0.0       0.24      0.89      0.38       282
        1.0       0.09      0.02      0.03       138
        2.0       0.33      0.11      0.16       175
        3.0       0.10      0.02      0.03       100
        4.0       0.13      0.03      0.04       155
        5.0       0.23      0.03      0.05       331
        6.0       0.06      0.03      0.04        66

avg / total       0.20      0.23      0.14      1247

K best features with k = 8
             precision    recall  f1-score   support

        0.0       0.18      0.04      0.06       282
        1.0       0.12      0.03      0.05       138
        2.0       0.35      0.11      0.17       175
        3.0       0.11      0.03      0.05       100
        4.0       0.15      0.02      0.03       155
        5.0       0.23      0.03      0.05       331
        6.0       0.06      0.86      0.11        66

avg / total       0.19      0.09      0.07      1247

K best features with k = 9
             precision    recall  f1-score   support

        0.0       0.19      0.04      0.06       282
        1.0       0.13      0.04      0.06       138
        2.0       0.34      0.11      0.16       175
        3.0       0.10      0.03      0.05       100
        4.0       0.19      0.03      0.05       155
        5.0       0.23      0.03      0.06       331
        6.0       0.05      0.82      0.10        66

avg / total       0.20      0.09      0.07      1247

K best features with k = 10
             precision    recall  f1-score   support

        0.0       0.20      0.05      0.08       282
        1.0       0.09      0.02      0.04       138
        2.0       0.41      0.11      0.18       175
        3.0       0.06      0.02      0.03       100
        4.0       0.17      0.03      0.04       155
        5.0       0.22      0.04      0.06       331
        6.0       0.05      0.82      0.10        66

avg / total       0.20      0.09      0.08      1247

K best features with k = 11
             precision    recall  f1-score   support

        0.0       0.20      0.05      0.08       282
        1.0       0.10      0.02      0.04       138
        2.0       0.41      0.11      0.18       175
        3.0       0.08      0.03      0.04       100
        4.0       0.11      0.02      0.03       155
        5.0       0.25      0.04      0.07       331
        6.0       0.05      0.82      0.10        66

avg / total       0.20      0.09      0.08      1247

K best features with k = 12
             precision    recall  f1-score   support

        0.0       0.18      0.04      0.06       282
        1.0       0.07      0.01      0.02       138
        2.0       0.42      0.13      0.19       175
        3.0       0.00      0.00      0.00       100
        4.0       0.14      0.03      0.04       155
        5.0       0.22      0.03      0.05       331
        6.0       0.05      0.83      0.10        66

avg / total       0.19      0.08      0.07      1247

K best features with k = 13
             precision    recall  f1-score   support

        0.0       0.20      0.04      0.07       282
        1.0       0.14      0.03      0.05       138
        2.0       0.43      0.13      0.19       175
        3.0       0.02      0.01      0.01       100
        4.0       0.14      0.03      0.04       155
        5.0       0.21      0.03      0.05       331
        6.0       0.06      0.83      0.10        66

avg / total       0.20      0.09      0.07      1247

K best features with k = 14
             precision    recall  f1-score   support

        0.0       0.20      0.04      0.07       282
        1.0       0.03      0.01      0.01       138
        2.0       0.44      0.13      0.20       175
        3.0       0.07      0.03      0.04       100
        4.0       0.14      0.03      0.04       155
        5.0       0.18      0.02      0.04       331
        6.0       0.06      0.85      0.11        66

avg / total       0.18      0.08      0.07      1247

K best features with k = 15
             precision    recall  f1-score   support

        0.0       0.25      0.05      0.09       282
        1.0       0.03      0.01      0.01       138
        2.0       0.39      0.13      0.19       175
        3.0       0.09      0.04      0.06       100
        4.0       0.19      0.03      0.05       155
        5.0       0.21      0.02      0.04       331
        6.0       0.06      0.85      0.11        66

avg / total       0.20      0.09      0.07      1247

K best features with k = 16
             precision    recall  f1-score   support

        0.0       0.23      0.05      0.08       282
        1.0       0.06      0.01      0.02       138
        2.0       0.37      0.13      0.19       175
        3.0       0.10      0.04      0.06       100
        4.0       0.16      0.02      0.03       155
        5.0       0.24      0.03      0.05       331
        6.0       0.06      0.83      0.10        66

avg / total       0.20      0.09      0.07      1247

K best features with k = 17
             precision    recall  f1-score   support

        0.0       0.21      0.04      0.07       282
        1.0       0.08      0.02      0.03       138
        2.0       0.38      0.13      0.19       175
        3.0       0.07      0.03      0.04       100
        4.0       0.16      0.02      0.03       155
        5.0       0.27      0.03      0.06       331
        6.0       0.06      0.83      0.10        66

avg / total       0.21      0.09      0.08      1247

K best features with k = 18
             precision    recall  f1-score   support

        0.0       0.18      0.04      0.06       282
        1.0       0.03      0.01      0.01       138
        2.0       0.38      0.13      0.19       175
        3.0       0.07      0.03      0.04       100
        4.0       0.18      0.02      0.03       155
        5.0       0.23      0.03      0.06       331
        6.0       0.05      0.82      0.10        66

avg / total       0.19      0.08      0.07      1247

K best features with k = 19
             precision    recall  f1-score   support

        0.0       0.20      0.04      0.07       282
        1.0       0.03      0.01      0.01       138
        2.0       0.38      0.13      0.19       175
        3.0       0.09      0.04      0.06       100
        4.0       0.18      0.02      0.03       155
        5.0       0.26      0.03      0.06       331
        6.0       0.05      0.80      0.10        66

avg / total       0.20      0.08      0.07      1247

K best features with k = 20
             precision    recall  f1-score   support

        0.0       0.16      0.02      0.04       282
        1.0       0.06      0.01      0.02       138
        2.0       0.39      0.13      0.19       175
        3.0       0.09      0.04      0.05       100
        4.0       0.17      0.02      0.03       155
        5.0       0.22      0.03      0.05       331
        6.0       0.05      0.79      0.10        66

avg / total       0.19      0.08      0.07      1247

K best features with k = 21
             precision    recall  f1-score   support

        0.0       0.15      0.02      0.04       282
        1.0       0.08      0.02      0.03       138
        2.0       0.39      0.13      0.19       175
        3.0       0.09      0.04      0.05       100
        4.0       0.16      0.02      0.03       155
        5.0       0.22      0.03      0.05       331
        6.0       0.05      0.79      0.10        66

avg / total       0.19      0.08      0.07      1247

K best features with k = 22
             precision    recall  f1-score   support

        0.0       0.26      0.04      0.07       282
        1.0       0.06      0.01      0.02       138
        2.0       0.38      0.13      0.19       175
        3.0       0.09      0.04      0.06       100
        4.0       0.17      0.02      0.03       155
        5.0       0.21      0.02      0.04       331
        6.0       0.05      0.80      0.10        66

avg / total       0.21      0.08      0.07      1247

K best features with k = 23
             precision    recall  f1-score   support

        0.0       0.27      0.04      0.07       282
        1.0       0.06      0.01      0.02       138
        2.0       0.38      0.13      0.19       175
        3.0       0.09      0.04      0.05       100
        4.0       0.19      0.03      0.05       155
        5.0       0.22      0.03      0.05       331
        6.0       0.05      0.79      0.10        66

avg / total       0.21      0.09      0.07      1247

K best features with k = 24
             precision    recall  f1-score   support

        0.0       0.29      0.05      0.08       282
        1.0       0.07      0.01      0.02       138
        2.0       0.37      0.13      0.19       175
        3.0       0.09      0.04      0.05       100
        4.0       0.21      0.03      0.05       155
        5.0       0.26      0.03      0.05       331
        6.0       0.05      0.77      0.10        66

avg / total       0.23      0.09      0.08      1247

K best features with k = 25
             precision    recall  f1-score   support

        0.0       0.26      0.05      0.08       282
        1.0       0.07      0.01      0.02       138
        2.0       0.35      0.13      0.19       175
        3.0       0.08      0.04      0.05       100
        4.0       0.19      0.02      0.04       155
        5.0       0.23      0.03      0.05       331
        6.0       0.05      0.77      0.10        66

avg / total       0.21      0.09      0.08      1247

K best features with k = 26
             precision    recall  f1-score   support

        0.0       0.20      0.04      0.06       282
        1.0       0.06      0.01      0.02       138
        2.0       0.32      0.13      0.18       175
        3.0       0.10      0.04      0.06       100
        4.0       0.18      0.02      0.03       155
        5.0       0.16      0.02      0.03       331
        6.0       0.05      0.79      0.10        66

avg / total       0.17      0.08      0.06      1247

K best features with k = 27
             precision    recall  f1-score   support

        0.0       0.21      0.04      0.07       282
        1.0       0.03      0.01      0.01       138
        2.0       0.33      0.13      0.18       175
        3.0       0.08      0.04      0.05       100
        4.0       0.18      0.02      0.03       155
        5.0       0.14      0.01      0.02       331
        6.0       0.05      0.79      0.10        66

avg / total       0.17      0.08      0.06      1247

K best features with k = 28
             precision    recall  f1-score   support

        0.0       0.20      0.04      0.06       282
        1.0       0.07      0.01      0.02       138
        2.0       0.33      0.13      0.18       175
        3.0       0.08      0.04      0.05       100
        4.0       0.17      0.02      0.03       155
        5.0       0.17      0.02      0.03       331
        6.0       0.05      0.79      0.10        66

avg / total       0.17      0.08      0.06      1247

K best features with k = 29
             precision    recall  f1-score   support

        0.0       0.25      0.05      0.08       282
        1.0       0.07      0.01      0.02       138
        2.0       0.33      0.13      0.19       175
        3.0       0.08      0.04      0.05       100
        4.0       0.12      0.01      0.02       155
        5.0       0.19      0.02      0.03       331
        6.0       0.05      0.79      0.10        66

avg / total       0.18      0.08      0.07      1247

K best features with k = 30
             precision    recall  f1-score   support

        0.0       0.24      0.05      0.08       282
        1.0       0.09      0.02      0.04       138
        2.0       0.33      0.13      0.19       175
        3.0       0.08      0.04      0.05       100
        4.0       0.13      0.01      0.02       155
        5.0       0.21      0.02      0.03       331
        6.0       0.05      0.79      0.10        66

avg / total       0.19      0.08      0.07      1247

K best features with k = 31
             precision    recall  f1-score   support

        0.0       0.20      0.04      0.07       282
        1.0       0.11      0.02      0.04       138
        2.0       0.33      0.14      0.19       175
        3.0       0.08      0.04      0.05       100
        4.0       0.13      0.01      0.02       155
        5.0       0.27      0.02      0.04       331
        6.0       0.05      0.79      0.10        66

avg / total       0.20      0.08      0.07      1247

K best features with k = 32
             precision    recall  f1-score   support

        0.0       0.20      0.04      0.07       282
        1.0       0.09      0.01      0.02       138
        2.0       0.34      0.15      0.21       175
        3.0       0.08      0.04      0.05       100
        4.0       0.14      0.01      0.02       155
        5.0       0.26      0.02      0.04       331
        6.0       0.05      0.79      0.10        66

avg / total       0.20      0.08      0.07      1247

K best features with k = 33
             precision    recall  f1-score   support

        0.0       0.22      0.04      0.07       282
        1.0       0.08      0.01      0.02       138
        2.0       0.35      0.15      0.21       175
        3.0       0.08      0.04      0.05       100
        4.0       0.12      0.01      0.02       155
        5.0       0.30      0.03      0.05       331
        6.0       0.05      0.79      0.10        66

avg / total       0.21      0.09      0.07      1247

K best features with k = 34
             precision    recall  f1-score   support

        0.0       0.21      0.04      0.07       282
        1.0       0.09      0.01      0.02       138
        2.0       0.35      0.15      0.21       175
        3.0       0.09      0.04      0.05       100
        4.0       0.12      0.01      0.02       155
        5.0       0.29      0.02      0.04       331
        6.0       0.05      0.79      0.10        66

avg / total       0.21      0.09      0.07      1247

K best features with k = 35
             precision    recall  f1-score   support

        0.0       0.21      0.04      0.07       282
        1.0       0.13      0.02      0.04       138
        2.0       0.35      0.15      0.21       175
        3.0       0.09      0.04      0.05       100
        4.0       0.12      0.01      0.02       155
        5.0       0.30      0.03      0.05       331
        6.0       0.05      0.79      0.10        66

avg / total       0.22      0.09      0.08      1247

K best features with k = 36
             precision    recall  f1-score   support

        0.0       0.22      0.05      0.08       282
        1.0       0.11      0.02      0.04       138
        2.0       0.36      0.15      0.21       175
        3.0       0.11      0.05      0.07       100
        4.0       0.11      0.01      0.02       155
        5.0       0.31      0.03      0.06       331
        6.0       0.05      0.77      0.10        66

avg / total       0.22      0.09      0.08      1247

K best features with k = 37
             precision    recall  f1-score   support

        0.0       0.21      0.05      0.08       282
        1.0       0.11      0.02      0.04       138
        2.0       0.36      0.15      0.22       175
        3.0       0.12      0.05      0.07       100
        4.0       0.12      0.01      0.02       155
        5.0       0.32      0.03      0.06       331
        6.0       0.05      0.77      0.10        66

avg / total       0.22      0.09      0.08      1247

K best features with k = 38
             precision    recall  f1-score   support

        0.0       0.24      0.05      0.08       282
        1.0       0.07      0.01      0.02       138
        2.0       0.36      0.15      0.22       175
        3.0       0.12      0.05      0.07       100
        4.0       0.11      0.01      0.02       155
        5.0       0.34      0.03      0.06       331
        6.0       0.05      0.79      0.10        66

avg / total       0.23      0.09      0.08      1247

K best features with k = 39
             precision    recall  f1-score   support

        0.0       0.25      0.05      0.08       282
        1.0       0.07      0.01      0.02       138
        2.0       0.36      0.15      0.22       175
        3.0       0.12      0.05      0.07       100
        4.0       0.11      0.01      0.02       155
        5.0       0.34      0.03      0.06       331
        6.0       0.05      0.79      0.10        66

avg / total       0.23      0.09      0.08      1247

K best features with k = 40
             precision    recall  f1-score   support

        0.0       0.28      0.05      0.08       282
        1.0       0.06      0.01      0.02       138
        2.0       0.37      0.15      0.21       175
        3.0       0.11      0.05      0.07       100
        4.0       0.11      0.01      0.02       155
        5.0       0.32      0.03      0.06       331
        6.0       0.05      0.80      0.10        66

avg / total       0.23      0.09      0.08      1247

K best features with k = 41
             precision    recall  f1-score   support

        0.0       0.23      0.04      0.06       282
        1.0       0.07      0.01      0.02       138
        2.0       0.37      0.15      0.21       175
        3.0       0.12      0.05      0.07       100
        4.0       0.10      0.01      0.02       155
        5.0       0.27      0.03      0.05       331
        6.0       0.05      0.80      0.10        66

avg / total       0.21      0.09      0.07      1247

K best features with k = 42
             precision    recall  f1-score   support

        0.0       0.23      0.04      0.06       282
        1.0       0.10      0.02      0.04       138
        2.0       0.37      0.15      0.21       175
        3.0       0.11      0.05      0.07       100
        4.0       0.10      0.01      0.02       155
        5.0       0.26      0.03      0.05       331
        6.0       0.05      0.80      0.10        66

avg / total       0.21      0.09      0.07      1247

K best features with k = 43
             precision    recall  f1-score   support

        0.0       0.24      0.04      0.07       282
        1.0       0.11      0.03      0.05       138
        2.0       0.37      0.15      0.21       175
        3.0       0.11      0.05      0.07       100
        4.0       0.11      0.01      0.02       155
        5.0       0.26      0.03      0.05       331
        6.0       0.05      0.80      0.10        66

avg / total       0.21      0.09      0.08      1247

K best features with k = 44
             precision    recall  f1-score   support

        0.0       0.24      0.04      0.07       282
        1.0       0.09      0.02      0.03       138
        2.0       0.37      0.15      0.21       175
        3.0       0.11      0.05      0.07       100
        4.0       0.11      0.01      0.02       155
        5.0       0.25      0.03      0.05       331
        6.0       0.05      0.80      0.10        66

avg / total       0.21      0.09      0.08      1247

K best features with k = 45
             precision    recall  f1-score   support

        0.0       0.24      0.04      0.07       282
        1.0       0.09      0.02      0.03       138
        2.0       0.37      0.15      0.21       175
        3.0       0.11      0.05      0.07       100
        4.0       0.10      0.01      0.02       155
        5.0       0.27      0.03      0.05       331
        6.0       0.05      0.80      0.10        66

avg / total       0.21      0.09      0.08      1247

K best features with k = 46
             precision    recall  f1-score   support

        0.0       0.24      0.05      0.08       282
        1.0       0.09      0.02      0.04       138
        2.0       0.35      0.14      0.20       175
        3.0       0.11      0.05      0.07       100
        4.0       0.10      0.01      0.02       155
        5.0       0.30      0.03      0.05       331
        6.0       0.05      0.80      0.10        66

avg / total       0.22      0.09      0.08      1247

K best features with k = 47
             precision    recall  f1-score   support

        0.0       0.21      0.04      0.07       282
        1.0       0.11      0.03      0.05       138
        2.0       0.35      0.14      0.20       175
        3.0       0.12      0.05      0.07       100
        4.0       0.14      0.02      0.03       155
        5.0       0.31      0.03      0.06       331
        6.0       0.05      0.80      0.10        66

avg / total       0.22      0.09      0.08      1247

K best features with k = 48
             precision    recall  f1-score   support

        0.0       0.22      0.04      0.07       282
        1.0       0.09      0.02      0.03       138
        2.0       0.35      0.14      0.20       175
        3.0       0.11      0.05      0.07       100
        4.0       0.09      0.01      0.02       155
        5.0       0.31      0.03      0.06       331
        6.0       0.05      0.80      0.10        66

avg / total       0.21      0.09      0.07      1247

K best features with k = 49
             precision    recall  f1-score   support

        0.0       0.25      0.05      0.08       282
        1.0       0.11      0.03      0.05       138
        2.0       0.35      0.14      0.20       175
        3.0       0.11      0.05      0.07       100
        4.0       0.14      0.02      0.03       155
        5.0       0.31      0.03      0.06       331
        6.0       0.05      0.80      0.10        66

avg / total       0.23      0.09      0.08      1247

K best features with k = 50
             precision    recall  f1-score   support

        0.0       0.25      0.05      0.08       282
        1.0       0.12      0.03      0.05       138
        2.0       0.34      0.14      0.20       175
        3.0       0.11      0.05      0.07       100
        4.0       0.14      0.02      0.03       155
        5.0       0.29      0.03      0.05       331
        6.0       0.05      0.79      0.10        66

avg / total       0.22      0.09      0.08      1247

K best features with k = 51
             precision    recall  f1-score   support

        0.0       0.24      0.04      0.07       282
        1.0       0.12      0.03      0.05       138
        2.0       0.34      0.14      0.20       175
        3.0       0.12      0.05      0.07       100
        4.0       0.20      0.03      0.05       155
        5.0       0.27      0.03      0.05       331
        6.0       0.05      0.79      0.10        66

avg / total       0.22      0.09      0.08      1247

K best features with k = 52
             precision    recall  f1-score   support

        0.0       0.23      0.04      0.07       282
        1.0       0.09      0.02      0.04       138
        2.0       0.35      0.15      0.21       175
        3.0       0.12      0.05      0.07       100
        4.0       0.20      0.03      0.05       155
        5.0       0.27      0.03      0.05       331
        6.0       0.05      0.79      0.10        66

avg / total       0.22      0.09      0.08      1247

K best features with k = 53
             precision    recall  f1-score   support

        0.0       0.25      0.04      0.07       282
        1.0       0.09      0.02      0.04       138
        2.0       0.35      0.14      0.20       175
        3.0       0.11      0.05      0.07       100
        4.0       0.18      0.03      0.05       155
        5.0       0.26      0.03      0.05       331
        6.0       0.05      0.79      0.10        66

avg / total       0.22      0.09      0.08      1247

K best features with k = 54
             precision    recall  f1-score   support

        0.0       0.26      0.05      0.08       282
        1.0       0.09      0.02      0.03       138
        2.0       0.36      0.14      0.20       175
        3.0       0.11      0.05      0.07       100
        4.0       0.18      0.03      0.05       155
        5.0       0.24      0.03      0.05       331
        6.0       0.05      0.80      0.10        66

avg / total       0.22      0.09      0.08      1247

K best features with k = 55
             precision    recall  f1-score   support

        0.0       0.26      0.05      0.08       282
        1.0       0.10      0.02      0.04       138
        2.0       0.35      0.14      0.20       175
        3.0       0.11      0.05      0.07       100
        4.0       0.18      0.03      0.05       155
        5.0       0.26      0.03      0.05       331
        6.0       0.05      0.82      0.10        66

avg / total       0.22      0.09      0.08      1247

K best features with k = 56
             precision    recall  f1-score   support

        0.0       0.26      0.05      0.08       282
        1.0       0.10      0.02      0.04       138
        2.0       0.36      0.14      0.20       175
        3.0       0.14      0.06      0.08       100
        4.0       0.18      0.03      0.05       155
        5.0       0.27      0.04      0.06       331
        6.0       0.05      0.82      0.10        66

avg / total       0.23      0.09      0.08      1247

K best features with k = 57
             precision    recall  f1-score   support

        0.0       0.27      0.05      0.08       282
        1.0       0.10      0.02      0.04       138
        2.0       0.36      0.14      0.20       175
        3.0       0.14      0.06      0.08       100
        4.0       0.15      0.03      0.04       155
        5.0       0.27      0.04      0.06       331
        6.0       0.05      0.82      0.10        66

avg / total       0.23      0.09      0.09      1247

K best features with k = 58
             precision    recall  f1-score   support

        0.0       0.27      0.05      0.08       282
        1.0       0.10      0.02      0.04       138
        2.0       0.36      0.14      0.20       175
        3.0       0.14      0.06      0.08       100
        4.0       0.15      0.03      0.04       155
        5.0       0.26      0.03      0.06       331
        6.0       0.05      0.80      0.10        66

avg / total       0.22      0.09      0.08      1247

K best features with k = 59
             precision    recall  f1-score   support

        0.0       0.27      0.05      0.08       282
        1.0       0.07      0.01      0.02       138
        2.0       0.36      0.14      0.20       175
        3.0       0.14      0.06      0.08       100
        4.0       0.16      0.03      0.04       155
        5.0       0.26      0.04      0.06       331
        6.0       0.05      0.80      0.10        66

avg / total       0.22      0.09      0.08      1247


GaussianNB  (Best k features):

GaussianNB total time:157.048s
